AmbientLight
	"type": "ambient",
	"srgb": [0, 255, 255],
	"reflection_rays":  64

bmin: (-3.01401, -0.162686, -5.83997)   bmax: (-0.234011, 2.58354, -2.91998)
[1]
bmin: (-0.234011, -0.162686, -5.83997)  bmax: (2.54599, 2.58354, -2.91998)
[2]
bmin: (-3.01401, 2.58354, -5.83997)     bmax: (-0.234011, 5.32976, -2.91998)
[3]
bmin: (-0.234011, 2.58354, -5.83997)    bmax: (2.54599, 5.32976, -2.91998)
[4]
bmin: (-3.01401, -0.162686, -2.91998)   bmax: (-0.234011, 2.58354, 1.17549e-38)
[5]
bmin: (-0.234011, -0.162686, -2.91998)  bmax: (2.54599, 2.58354, 1.17549e-38)
[6]
bmin: (-3.01401, 2.58354, -2.91998)     bmax: (-0.234011, 5.32976, 1.17549e-38)
[7]
bmin: (-0.234011, 2.58354, -2.91998)    bmax: (2.54599, 5.32976, 1.17549e-38)